Tensor(shape=[3, 960, 960], dtype=float32, place=Place(cpu), stop_gradient=True,
       [[[ 0.48505870,  0.48505870,  0.48505870, ..., -2.11790395,
          -2.11790395, -2.11790395],
         [ 0.48505870,  0.48505870,  0.48505870, ..., -2.11790395,
          -2.11790395, -2.11790395],
         [ 0.48505870,  0.48505870,  0.48505870, ..., -2.11790395,
          -2.11790395, -2.11790395],
         ...,
         [ 0.62205672,  0.62205672,  0.62205672, ..., -2.11790395,
          -2.11790395, -2.11790395],
         [ 0.62205672,  0.62205672,  0.62205672, ..., -2.11790395,
          -2.11790395, -2.11790395],
         [ 0.62205672,  0.62205672,  0.62205672, ..., -2.11790395,
          -2.11790395, -2.11790395]],

        [[ 1.74579859,  1.74579859,  1.74579859, ..., -2.03571415,
          -2.03571415, -2.03571415],
         [ 1.74579859,  1.74579859,  1.74579859, ..., -2.03571415,
          -2.03571415, -2.03571415],
         [ 1.74579859,  1.74579859,  1.74579859, ..., -2.03571415,
          -2.03571415, -2.03571415],
         ...,
         [ 1.74579859,  1.74579859,  1.74579859, ..., -2.03571415,
          -2.03571415, -2.03571415],
         [ 1.74579859,  1.74579859,  1.74579859, ..., -2.03571415,
          -2.03571415, -2.03571415],
         [ 1.74579859,  1.74579859,  1.74579859, ..., -2.03571415,
          -2.03571415, -2.03571415]],

        [[ 2.51799583,  2.51799583,  2.51799583, ..., -1.80444443,
          -1.80444443, -1.80444443],
         [ 2.51799583,  2.51799583,  2.51799583, ..., -1.80444443,
          -1.80444443, -1.80444443],
         [ 2.51799583,  2.51799583,  2.51799583, ..., -1.80444443,
          -1.80444443, -1.80444443],
         ...,
         [ 2.51799583,  2.51799583,  2.51799583, ..., -1.80444443,
          -1.80444443, -1.80444443],
         [ 2.51799583,  2.51799583,  2.51799583, ..., -1.80444443,
          -1.80444443, -1.80444443],
         [ 2.51799583,  2.51799583,  2.51799583, ..., -1.80444443,
          -1.80444443, -1.80444443]]])
------------------------------------------------------------------------------------------------------------------------------------------------------------------------------------
Tensor(shape=[3, 960, 960], dtype=float32, place=Place(cpu), stop_gradient=True,
       [[[ 0.62205672,  0.62205672,  0.62205672, ...,  0.62205672,
           0.62205672,  0.62205672],
         [ 0.62205672,  0.62205672,  0.62205672, ...,  0.62205672,
           0.62205672,  0.62205672],
         [ 0.62205672,  0.62205672,  0.62205672, ...,  0.62205672,
           0.62205672,  0.62205672],
         ...,
         [-2.11790395, -2.11790395, -2.11790395, ..., -2.11790395,
          -2.11790395, -2.11790395],
         [-2.11790395, -2.11790395, -2.11790395, ..., -2.11790395,
          -2.11790395, -2.11790395],
         [-2.11790395, -2.11790395, -2.11790395, ..., -2.11790395,
          -2.11790395, -2.11790395]],

        [[ 1.74579859,  1.74579859,  1.74579859, ...,  1.74579859,
           1.74579859,  1.74579859],
         [ 1.74579859,  1.74579859,  1.74579859, ...,  1.74579859,
           1.74579859,  1.74579859],
         [ 1.74579859,  1.74579859,  1.74579859, ...,  1.74579859,
           1.74579859,  1.74579859],
         ...,
         [-2.03571415, -2.03571415, -2.03571415, ..., -2.03571415,
          -2.03571415, -2.03571415],
         [-2.03571415, -2.03571415, -2.03571415, ..., -2.03571415,
          -2.03571415, -2.03571415],
         [-2.03571415, -2.03571415, -2.03571415, ..., -2.03571415,
          -2.03571415, -2.03571415]],

        [[ 2.51799583,  2.51799583,  2.51799583, ...,  2.51799583,
           2.51799583,  2.51799583],
         [ 2.51799583,  2.51799583,  2.51799583, ...,  2.51799583,
           2.51799583,  2.51799583],
         [ 2.51799583,  2.51799583,  2.51799583, ...,  2.51799583,
           2.51799583,  2.51799583],
         ...,
         [-1.80444443, -1.80444443, -1.80444443, ..., -1.80444443,
          -1.80444443, -1.80444443],
         [-1.80444443, -1.80444443, -1.80444443, ..., -1.80444443,
          -1.80444443, -1.80444443],
         [-1.80444443, -1.80444443, -1.80444443, ..., -1.80444443,
          -1.80444443, -1.80444443]]])
------------------------------------------------------------------------------------------------------------------------------------------------------------------------------------
Tensor(shape=[3, 960, 960], dtype=float32, place=Place(cpu), stop_gradient=True,
       [[[ 0.62205672,  0.62205672,  0.62205672, ..., -2.11790395,
          -2.11790395, -2.11790395],
         [ 0.62205672,  0.62205672,  0.62205672, ..., -2.11790395,
          -2.11790395, -2.11790395],
         [ 0.62205672,  0.62205672,  0.62205672, ..., -2.11790395,
          -2.11790395, -2.11790395],
         ...,
         [ 0.62205672,  0.62205672,  0.62205672, ..., -2.11790395,
          -2.11790395, -2.11790395],
         [ 0.62205672,  0.62205672,  0.62205672, ..., -2.11790395,
          -2.11790395, -2.11790395],
         [ 0.62205672,  0.62205672,  0.62205672, ..., -2.11790395,
          -2.11790395, -2.11790395]],

        [[ 1.74579859,  1.74579859,  1.74579859, ..., -2.03571415,
          -2.03571415, -2.03571415],
         [ 1.74579859,  1.74579859,  1.74579859, ..., -2.03571415,
          -2.03571415, -2.03571415],
         [ 1.74579859,  1.74579859,  1.74579859, ..., -2.03571415,
          -2.03571415, -2.03571415],
         ...,
         [ 1.74579859,  1.74579859,  1.74579859, ..., -2.03571415,
          -2.03571415, -2.03571415],
         [ 1.74579859,  1.74579859,  1.74579859, ..., -2.03571415,
          -2.03571415, -2.03571415],
         [ 1.74579859,  1.74579859,  1.74579859, ..., -2.03571415,
          -2.03571415, -2.03571415]],

        [[ 2.51799583,  2.51799583,  2.51799583, ..., -1.80444443,
          -1.80444443, -1.80444443],
         [ 2.51799583,  2.51799583,  2.51799583, ..., -1.80444443,
          -1.80444443, -1.80444443],
         [ 2.51799583,  2.51799583,  2.51799583, ..., -1.80444443,
          -1.80444443, -1.80444443],
         ...,
         [ 2.51799583,  2.51799583,  2.51799583, ..., -1.80444443,
          -1.80444443, -1.80444443],
         [ 2.51799583,  2.51799583,  2.51799583, ..., -1.80444443,
          -1.80444443, -1.80444443],
         [ 2.51799583,  2.51799583,  2.51799583, ..., -1.80444443,
          -1.80444443, -1.80444443]]])
------------------------------------------------------------------------------------------------------------------------------------------------------------------------------------
Tensor(shape=[3, 960, 960], dtype=float32, place=Place(cpu), stop_gradient=True,
       [[[ 0.34806067,  0.34806067,  0.36518541, ...,  0.48505870,
           0.48505870,  0.48505870],
         [ 0.34806067,  0.34806067,  0.36518541, ...,  0.48505870,
           0.48505870,  0.48505870],
         [ 0.34806067,  0.34806067,  0.36518541, ...,  0.48505870,
           0.48505870,  0.48505870],
         ...,
         [-2.11790395, -2.11790395, -2.11790395, ..., -2.11790395,
          -2.11790395, -2.11790395],
         [-2.11790395, -2.11790395, -2.11790395, ..., -2.11790395,
          -2.11790395, -2.11790395],
         [-2.11790395, -2.11790395, -2.11790395, ..., -2.11790395,
          -2.11790395, -2.11790395]],

        [[ 1.57072854,  1.57072854,  1.58823562, ...,  1.74579859,
           1.74579859,  1.74579859],
         [ 1.57072854,  1.57072854,  1.58823562, ...,  1.74579859,
           1.74579859,  1.74579859],
         [ 1.57072854,  1.57072854,  1.58823562, ...,  1.74579859,
           1.74579859,  1.74579859],
         ...,
         [-2.03571415, -2.03571415, -2.03571415, ..., -2.03571415,
          -2.03571415, -2.03571415],
         [-2.03571415, -2.03571415, -2.03571415, ..., -2.03571415,
          -2.03571415, -2.03571415],
         [-2.03571415, -2.03571415, -2.03571415, ..., -2.03571415,
          -2.03571415, -2.03571415]],

        [[ 2.30884552,  2.30884552,  2.32627511, ...,  2.51799583,
           2.51799583,  2.51799583],
         [ 2.30884552,  2.30884552,  2.32627511, ...,  2.51799583,
           2.51799583,  2.51799583],
         [ 2.30884552,  2.30884552,  2.32627511, ...,  2.51799583,
           2.51799583,  2.51799583],
         ...,
         [-1.80444443, -1.80444443, -1.80444443, ..., -1.80444443,
          -1.80444443, -1.80444443],
         [-1.80444443, -1.80444443, -1.80444443, ..., -1.80444443,
          -1.80444443, -1.80444443],
         [-1.80444443, -1.80444443, -1.80444443, ..., -1.80444443,
          -1.80444443, -1.80444443]]])
------------------------------------------------------------------------------------------------------------------------------------------------------------------------------------
